1325435
864064
531
1736533
312277
1774273
2170732
57032
2233533
2175091
2058137
2704140
728056
468056
554283
2759945
691689
229205
2035199
1038845
2506422
2133766
2162892
2764718
1775167
1912138
2602769
1920175
1101402
361581
453852
2781243
986
2512115
426481
1084421
329186
1946555
1603293
249351
2692212
2023067
53483
2478552
1736238
2692211
570519
28188
2518177
2135627
2708117
2022802
2545633
415425
1699509
2058306
1617283
2594432
1306519
475082
192149
2306998
45243
254955
2133765
1250005
459471
270914
2697515
2654325
346185
2594437
2080416
362418
402734
2060419
1159016
712213
1355330
991
472055
1946557
2249356
480520
552546
2596891
1921138
1270193
1635173
370979
2764716
102
1478199
1678728
271156
1333662
1383885
935224
1114874
574710